v6	V(n002)	V(n004)	V(n008)
0.000000000000000e+000	5.000000e+000	3.174680e+000	0.000000e+000
1.000000000000000e-002	5.000000e+000	3.175340e+000	1.000000e-002
2.000000000000000e-002	5.000000e+000	3.175340e+000	2.000000e-002
3.000000000000000e-002	5.000000e+000	3.175670e+000	3.000000e-002
4.000000000000000e-002	5.000000e+000	3.172094e+000	4.000000e-002
5.000000000000000e-002	5.000000e+000	3.172259e+000	5.000000e-002
6.000000000000001e-002	5.000000e+000	3.174212e+000	6.000000e-002
7.000000000000001e-002	5.000000e+000	3.172094e+000	7.000000e-002
8.000000000000000e-002	5.000000e+000	3.172988e+000	8.000000e-002
9.000000000000000e-002	5.000000e+000	3.174941e+000	9.000000e-002
9.999999999999999e-002	5.000000e+000	3.172094e+000	1.000000e-001
1.100000000000000e-001	5.000000e+000	3.172623e+000	1.100000e-001
1.200000000000000e-001	5.000000e+000	3.174577e+000	1.200000e-001
1.300000000000000e-001	5.000000e+000	3.172094e+000	1.300000e-001
1.400000000000000e-001	5.000000e+000	3.172806e+000	1.400000e-001
1.500000000000000e-001	5.000000e+000	3.174759e+000	1.500000e-001
1.600000000000000e-001	5.000000e+000	3.172094e+000	1.600000e-001
1.700000000000000e-001	5.000000e+000	3.172714e+000	1.700000e-001
1.800000000000000e-001	5.000000e+000	3.174668e+000	1.800000e-001
1.900000000000000e-001	5.000000e+000	3.172094e+000	1.900000e-001
2.000000000000000e-001	5.000000e+000	3.172760e+000	2.000000e-001
2.100000000000001e-001	5.000000e+000	3.174713e+000	2.100000e-001
2.200000000000001e-001	5.000000e+000	3.172094e+000	2.200000e-001
2.300000000000001e-001	5.000000e+000	3.172737e+000	2.300000e-001
2.400000000000001e-001	5.000000e+000	3.174690e+000	2.400000e-001
2.500000000000001e-001	5.000000e+000	3.172094e+000	2.500000e-001
2.600000000000001e-001	5.000000e+000	3.172749e+000	2.600000e-001
2.700000000000001e-001	5.000000e+000	3.174702e+000	2.700000e-001
2.800000000000001e-001	5.000000e+000	3.172094e+000	2.800000e-001
2.900000000000001e-001	5.000000e+000	3.172743e+000	2.900000e-001
3.000000000000001e-001	5.000000e+000	3.174696e+000	3.000000e-001
3.100000000000001e-001	5.000000e+000	3.172094e+000	3.100000e-001
3.200000000000001e-001	5.000000e+000	3.172746e+000	3.200000e-001
3.300000000000001e-001	5.000000e+000	3.174699e+000	3.300000e-001
3.400000000000001e-001	5.000000e+000	3.172094e+000	3.400000e-001
3.500000000000001e-001	5.000000e+000	3.172744e+000	3.500000e-001
3.600000000000002e-001	5.000000e+000	3.174697e+000	3.600000e-001
3.700000000000002e-001	5.000000e+000	3.172094e+000	3.700000e-001
3.800000000000002e-001	5.000000e+000	3.172745e+000	3.800000e-001
3.900000000000002e-001	5.000000e+000	3.174698e+000	3.900000e-001
4.000000000000002e-001	5.000000e+000	3.172094e+000	4.000000e-001
4.100000000000002e-001	5.000000e+000	3.172745e+000	4.100000e-001
4.200000000000002e-001	5.000000e+000	3.174698e+000	4.200000e-001
4.300000000000002e-001	5.000000e+000	3.172094e+000	4.300000e-001
4.400000000000002e-001	5.000000e+000	3.172745e+000	4.400000e-001
4.500000000000002e-001	5.000000e+000	3.174698e+000	4.500000e-001
4.600000000000002e-001	5.000000e+000	3.172094e+000	4.600000e-001
4.700000000000003e-001	5.000000e+000	3.172745e+000	4.700000e-001
4.800000000000003e-001	5.000000e+000	3.174698e+000	4.800000e-001
4.900000000000003e-001	5.000000e+000	3.172094e+000	4.900000e-001
5.000000000000002e-001	5.000000e+000	3.172745e+000	5.000000e-001
5.100000000000002e-001	5.000000e+000	3.174698e+000	5.100000e-001
5.200000000000002e-001	5.000000e+000	3.172094e+000	5.200000e-001
5.300000000000003e-001	5.000000e+000	3.172745e+000	5.300000e-001
5.400000000000003e-001	5.000000e+000	3.174698e+000	5.400000e-001
5.500000000000003e-001	5.000000e+000	3.172094e+000	5.500000e-001
5.600000000000003e-001	5.000000e+000	3.172745e+000	5.600000e-001
5.700000000000003e-001	5.000000e+000	3.174698e+000	5.700000e-001
5.800000000000003e-001	5.000000e+000	3.172094e+000	5.800000e-001
5.900000000000003e-001	5.000000e+000	3.172745e+000	5.900000e-001
6.000000000000003e-001	5.000000e+000	3.174698e+000	6.000000e-001
6.100000000000003e-001	5.000000e+000	3.172094e+000	6.100000e-001
6.200000000000003e-001	5.000000e+000	3.172745e+000	6.200000e-001
6.300000000000003e-001	5.000000e+000	3.174698e+000	6.300000e-001
6.400000000000004e-001	5.000000e+000	3.172094e+000	6.400000e-001
6.500000000000004e-001	5.000000e+000	3.172745e+000	6.500000e-001
6.600000000000004e-001	5.000000e+000	3.174698e+000	6.600000e-001
6.700000000000004e-001	5.000000e+000	3.172094e+000	6.700000e-001
6.800000000000004e-001	5.000000e+000	3.172745e+000	6.800000e-001
6.900000000000004e-001	5.000000e+000	3.174698e+000	6.900000e-001
7.000000000000004e-001	5.000000e+000	3.172094e+000	7.000000e-001
7.100000000000004e-001	5.000000e+000	3.172745e+000	7.100000e-001
7.200000000000004e-001	5.000000e+000	3.174698e+000	7.200000e-001
7.300000000000004e-001	5.000000e+000	3.172094e+000	7.300000e-001
7.400000000000004e-001	5.000000e+000	3.172745e+000	7.400000e-001
7.500000000000004e-001	5.000000e+000	3.174698e+000	7.500000e-001
7.600000000000005e-001	5.000000e+000	3.172094e+000	7.600000e-001
7.700000000000005e-001	5.000000e+000	3.172745e+000	7.700000e-001
7.800000000000005e-001	5.000000e+000	3.174698e+000	7.800000e-001
7.900000000000005e-001	5.000000e+000	3.172094e+000	7.900000e-001
8.000000000000005e-001	5.000000e+000	3.172745e+000	8.000000e-001
8.100000000000005e-001	5.000000e+000	3.174698e+000	8.100000e-001
8.200000000000005e-001	5.000000e+000	3.172094e+000	8.200000e-001
8.300000000000005e-001	5.000000e+000	3.172745e+000	8.300000e-001
8.400000000000005e-001	5.000000e+000	3.174698e+000	8.400000e-001
8.500000000000005e-001	5.000000e+000	3.172094e+000	8.500000e-001
8.600000000000005e-001	5.000000e+000	3.172745e+000	8.600000e-001
8.700000000000006e-001	5.000000e+000	3.174698e+000	8.700000e-001
8.800000000000006e-001	5.000000e+000	3.172094e+000	8.800000e-001
8.900000000000006e-001	5.000000e+000	3.172745e+000	8.900000e-001
9.000000000000006e-001	5.000000e+000	3.174698e+000	9.000000e-001
9.100000000000006e-001	5.000000e+000	3.172094e+000	9.100000e-001
9.200000000000006e-001	5.000000e+000	3.172745e+000	9.200000e-001
9.300000000000006e-001	5.000000e+000	3.174698e+000	9.300000e-001
9.400000000000006e-001	5.000000e+000	3.172094e+000	9.400000e-001
9.500000000000006e-001	5.000000e+000	3.172745e+000	9.500000e-001
9.600000000000006e-001	5.000000e+000	3.174698e+000	9.600000e-001
9.700000000000006e-001	5.000000e+000	3.172094e+000	9.700000e-001
9.800000000000007e-001	5.000000e+000	3.172745e+000	9.800000e-001
9.900000000000007e-001	5.000000e+000	3.174698e+000	9.900000e-001
1.000000000000001e+000	5.000000e+000	3.172094e+000	1.000000e+000
1.010000000000001e+000	5.000000e+000	3.172745e+000	1.010000e+000
1.020000000000001e+000	5.000000e+000	3.174698e+000	1.020000e+000
1.030000000000001e+000	5.000000e+000	3.172094e+000	1.030000e+000
1.040000000000001e+000	5.000000e+000	3.172745e+000	1.040000e+000
1.050000000000001e+000	5.000000e+000	3.174698e+000	1.050000e+000
1.060000000000001e+000	5.000000e+000	3.172094e+000	1.060000e+000
1.070000000000001e+000	5.000000e+000	3.172745e+000	1.070000e+000
1.080000000000001e+000	5.000000e+000	3.174698e+000	1.080000e+000
1.090000000000001e+000	5.000000e+000	3.172094e+000	1.090000e+000
1.100000000000001e+000	5.000000e+000	3.172745e+000	1.100000e+000
1.110000000000001e+000	5.000000e+000	3.174698e+000	1.110000e+000
1.120000000000001e+000	5.000000e+000	3.172094e+000	1.120000e+000
1.130000000000001e+000	5.000000e+000	3.172745e+000	1.130000e+000
1.140000000000001e+000	5.000000e+000	3.174698e+000	1.140000e+000
1.150000000000001e+000	5.000000e+000	3.172094e+000	1.150000e+000
1.160000000000001e+000	5.000000e+000	3.172745e+000	1.160000e+000
1.170000000000001e+000	5.000000e+000	3.174698e+000	1.170000e+000
1.180000000000001e+000	5.000000e+000	3.172094e+000	1.180000e+000
1.190000000000001e+000	5.000000e+000	3.172745e+000	1.190000e+000
1.200000000000001e+000	5.000000e+000	3.174698e+000	1.200000e+000
1.210000000000001e+000	5.000000e+000	3.172094e+000	1.210000e+000
1.220000000000001e+000	5.000000e+000	3.172745e+000	1.220000e+000
1.230000000000001e+000	5.000000e+000	3.174698e+000	1.230000e+000
1.240000000000001e+000	5.000000e+000	3.172094e+000	1.240000e+000
1.250000000000001e+000	5.000000e+000	3.172745e+000	1.250000e+000
1.260000000000001e+000	5.000000e+000	3.174698e+000	1.260000e+000
1.270000000000001e+000	5.000000e+000	3.172094e+000	1.270000e+000
1.280000000000001e+000	5.000000e+000	3.172745e+000	1.280000e+000
1.290000000000001e+000	5.000000e+000	3.174698e+000	1.290000e+000
1.300000000000001e+000	5.000000e+000	3.172094e+000	1.300000e+000
1.310000000000001e+000	5.000000e+000	3.172745e+000	1.310000e+000
1.320000000000001e+000	5.000000e+000	3.174698e+000	1.320000e+000
1.330000000000001e+000	5.000000e+000	3.172094e+000	1.330000e+000
1.340000000000001e+000	5.000000e+000	3.172745e+000	1.340000e+000
1.350000000000001e+000	5.000000e+000	3.174698e+000	1.350000e+000
1.360000000000001e+000	5.000000e+000	3.172094e+000	1.360000e+000
1.370000000000001e+000	5.000000e+000	3.172745e+000	1.370000e+000
1.380000000000001e+000	5.000000e+000	3.174698e+000	1.380000e+000
1.390000000000001e+000	5.000000e+000	3.172094e+000	1.390000e+000
1.400000000000001e+000	5.000000e+000	3.172745e+000	1.400000e+000
1.410000000000001e+000	5.000000e+000	3.174698e+000	1.410000e+000
1.420000000000001e+000	5.000000e+000	3.172094e+000	1.420000e+000
1.430000000000001e+000	5.000000e+000	3.172745e+000	1.430000e+000
1.440000000000001e+000	5.000000e+000	3.174698e+000	1.440000e+000
1.450000000000001e+000	5.000000e+000	3.172094e+000	1.450000e+000
1.460000000000001e+000	5.000000e+000	3.172745e+000	1.460000e+000
1.470000000000001e+000	5.000000e+000	3.174698e+000	1.470000e+000
1.480000000000001e+000	5.000000e+000	3.172094e+000	1.480000e+000
1.490000000000001e+000	5.000000e+000	3.172745e+000	1.490000e+000
1.500000000000001e+000	5.000000e+000	3.174698e+000	1.500000e+000
1.510000000000001e+000	5.000000e+000	3.172094e+000	1.510000e+000
1.520000000000001e+000	5.000000e+000	3.172745e+000	1.520000e+000
1.530000000000001e+000	5.000000e+000	3.174698e+000	1.530000e+000
1.540000000000001e+000	5.000000e+000	3.172094e+000	1.540000e+000
1.550000000000001e+000	5.000000e+000	3.172745e+000	1.550000e+000
1.560000000000001e+000	5.000000e+000	3.174698e+000	1.560000e+000
1.570000000000001e+000	5.000000e+000	3.172094e+000	1.570000e+000
1.580000000000001e+000	5.000000e+000	3.172745e+000	1.580000e+000
1.590000000000001e+000	5.000000e+000	3.174698e+000	1.590000e+000
1.600000000000001e+000	5.000000e+000	3.172094e+000	1.600000e+000
1.610000000000001e+000	5.000000e+000	3.172745e+000	1.610000e+000
1.620000000000001e+000	5.000000e+000	3.174698e+000	1.620000e+000
1.630000000000001e+000	5.000000e+000	3.172094e+000	1.630000e+000
1.640000000000001e+000	5.000000e+000	3.172745e+000	1.640000e+000
1.650000000000001e+000	5.000000e+000	3.174698e+000	1.650000e+000
1.660000000000001e+000	5.000000e+000	3.172094e+000	1.660000e+000
1.670000000000001e+000	5.000000e+000	3.172745e+000	1.670000e+000
1.680000000000001e+000	5.000000e+000	3.174698e+000	1.680000e+000
1.690000000000001e+000	5.000000e+000	3.172094e+000	1.690000e+000
1.700000000000001e+000	5.000000e+000	3.172745e+000	1.700000e+000
1.710000000000001e+000	5.000000e+000	3.174698e+000	1.710000e+000
1.720000000000001e+000	5.000000e+000	3.172094e+000	1.720000e+000
1.730000000000001e+000	5.000000e+000	3.172745e+000	1.730000e+000
1.740000000000001e+000	5.000000e+000	3.174698e+000	1.740000e+000
1.750000000000001e+000	5.000000e+000	3.172094e+000	1.750000e+000
1.760000000000001e+000	5.000000e+000	3.172745e+000	1.760000e+000
1.770000000000001e+000	5.000000e+000	3.174698e+000	1.770000e+000
1.780000000000001e+000	5.000000e+000	3.172094e+000	1.780000e+000
1.790000000000001e+000	5.000000e+000	3.172745e+000	1.790000e+000
1.800000000000001e+000	5.000000e+000	3.174698e+000	1.800000e+000
1.810000000000001e+000	5.000000e+000	3.172094e+000	1.810000e+000
1.820000000000001e+000	5.000000e+000	3.172745e+000	1.820000e+000
1.830000000000001e+000	5.000000e+000	3.167790e+000	1.830000e+000
1.840000000000001e+000	5.000000e+000	3.159698e+000	1.840000e+000
1.850000000000001e+000	5.000000e+000	3.149948e+000	1.850000e+000
1.860000000000001e+000	5.000000e+000	3.140000e+000	1.860000e+000
1.870000000000001e+000	5.000000e+000	3.130000e+000	1.870000e+000
1.880000000000001e+000	5.000000e+000	3.120000e+000	1.880000e+000
1.890000000000002e+000	5.000000e+000	3.110000e+000	1.890000e+000
1.900000000000002e+000	5.000000e+000	3.100000e+000	1.900000e+000
1.910000000000002e+000	5.000000e+000	3.090000e+000	1.910000e+000
1.920000000000002e+000	5.000000e+000	3.080000e+000	1.920000e+000
1.930000000000002e+000	5.000000e+000	3.070000e+000	1.930000e+000
1.940000000000002e+000	5.000000e+000	3.060000e+000	1.940000e+000
1.950000000000002e+000	5.000000e+000	3.050000e+000	1.950000e+000
1.960000000000002e+000	5.000000e+000	3.040000e+000	1.960000e+000
1.970000000000002e+000	5.000000e+000	3.030000e+000	1.970000e+000
1.980000000000002e+000	5.000000e+000	3.020000e+000	1.980000e+000
1.990000000000002e+000	5.000000e+000	3.010000e+000	1.990000e+000
2.000000000000001e+000	5.000000e+000	3.000000e+000	2.000000e+000
2.010000000000001e+000	5.000000e+000	2.990000e+000	2.010000e+000
2.020000000000001e+000	5.000000e+000	2.980000e+000	2.020000e+000
2.030000000000001e+000	5.000000e+000	2.970000e+000	2.030000e+000
2.040000000000001e+000	5.000000e+000	2.960000e+000	2.040000e+000
2.050000000000000e+000	5.000000e+000	2.950000e+000	2.050000e+000
2.060000000000000e+000	5.000000e+000	2.940000e+000	2.060000e+000
2.070000000000000e+000	5.000000e+000	2.930000e+000	2.070000e+000
2.080000000000000e+000	5.000000e+000	2.920000e+000	2.080000e+000
2.089999999999999e+000	5.000000e+000	2.910000e+000	2.090000e+000
2.099999999999999e+000	5.000000e+000	2.900000e+000	2.100000e+000
2.109999999999999e+000	5.000000e+000	2.890000e+000	2.110000e+000
2.119999999999999e+000	5.000000e+000	2.880000e+000	2.120000e+000
2.129999999999999e+000	5.000000e+000	2.870000e+000	2.130000e+000
2.139999999999998e+000	5.000000e+000	2.860000e+000	2.140000e+000
2.149999999999998e+000	5.000000e+000	2.850000e+000	2.150000e+000
2.159999999999998e+000	5.000000e+000	2.840000e+000	2.160000e+000
2.169999999999998e+000	5.000000e+000	2.830000e+000	2.170000e+000
2.179999999999998e+000	5.000000e+000	2.820000e+000	2.180000e+000
2.189999999999997e+000	5.000000e+000	2.810000e+000	2.190000e+000
2.199999999999997e+000	5.000000e+000	2.800000e+000	2.200000e+000
2.209999999999997e+000	5.000000e+000	2.790000e+000	2.210000e+000
2.219999999999997e+000	5.000000e+000	2.780000e+000	2.220000e+000
2.229999999999996e+000	5.000000e+000	2.770000e+000	2.230000e+000
2.239999999999996e+000	5.000000e+000	2.760000e+000	2.240000e+000
2.249999999999996e+000	5.000000e+000	2.750000e+000	2.250000e+000
2.259999999999996e+000	5.000000e+000	2.740000e+000	2.260000e+000
2.269999999999996e+000	5.000000e+000	2.730000e+000	2.270000e+000
2.279999999999995e+000	5.000000e+000	2.720000e+000	2.280000e+000
2.289999999999995e+000	5.000000e+000	2.710000e+000	2.290000e+000
2.299999999999995e+000	5.000000e+000	2.700000e+000	2.300000e+000
2.309999999999995e+000	5.000000e+000	2.690000e+000	2.310000e+000
2.319999999999995e+000	5.000000e+000	2.680000e+000	2.320000e+000
2.329999999999994e+000	5.000000e+000	2.670000e+000	2.330000e+000
2.339999999999994e+000	5.000000e+000	2.660000e+000	2.340000e+000
2.349999999999994e+000	5.000000e+000	2.650000e+000	2.350000e+000
2.359999999999994e+000	5.000000e+000	2.640000e+000	2.360000e+000
2.369999999999993e+000	5.000000e+000	2.630000e+000	2.370000e+000
2.379999999999993e+000	5.000000e+000	2.620000e+000	2.380000e+000
2.389999999999993e+000	5.000000e+000	2.610000e+000	2.390000e+000
2.399999999999993e+000	5.000000e+000	2.600000e+000	2.400000e+000
2.409999999999993e+000	5.000000e+000	2.590000e+000	2.410000e+000
2.419999999999992e+000	5.000000e+000	2.580000e+000	2.420000e+000
2.429999999999992e+000	5.000000e+000	2.570000e+000	2.430000e+000
2.439999999999992e+000	5.000000e+000	2.560000e+000	2.440000e+000
2.449999999999992e+000	5.000000e+000	2.550000e+000	2.450000e+000
2.459999999999992e+000	5.000000e+000	2.540000e+000	2.460000e+000
2.469999999999991e+000	5.000000e+000	2.530000e+000	2.470000e+000
2.479999999999991e+000	5.000000e+000	2.520000e+000	2.480000e+000
2.489999999999991e+000	5.000000e+000	2.510000e+000	2.490000e+000
2.499999999999991e+000	5.000000e+000	2.500000e+000	2.500000e+000
2.509999999999991e+000	5.000000e+000	2.490000e+000	2.510000e+000
2.519999999999990e+000	5.000000e+000	2.480000e+000	2.520000e+000
2.529999999999990e+000	5.000000e+000	2.470000e+000	2.530000e+000
2.539999999999990e+000	5.000000e+000	2.460000e+000	2.540000e+000
2.549999999999990e+000	5.000000e+000	2.450000e+000	2.550000e+000
2.559999999999989e+000	5.000000e+000	2.440000e+000	2.560000e+000
2.569999999999989e+000	5.000000e+000	2.430000e+000	2.570000e+000
2.579999999999989e+000	5.000000e+000	2.420000e+000	2.580000e+000
2.589999999999989e+000	5.000000e+000	2.410000e+000	2.590000e+000
2.599999999999989e+000	5.000000e+000	2.400000e+000	2.600000e+000
2.609999999999988e+000	5.000000e+000	2.390000e+000	2.610000e+000
2.619999999999988e+000	5.000000e+000	2.380000e+000	2.620000e+000
2.629999999999988e+000	5.000000e+000	2.370000e+000	2.630000e+000
2.639999999999988e+000	5.000000e+000	2.360000e+000	2.640000e+000
2.649999999999988e+000	5.000000e+000	2.350000e+000	2.650000e+000
2.659999999999987e+000	5.000000e+000	2.340000e+000	2.660000e+000
2.669999999999987e+000	5.000000e+000	2.330000e+000	2.670000e+000
2.679999999999987e+000	5.000000e+000	2.320000e+000	2.680000e+000
2.689999999999987e+000	5.000000e+000	2.310000e+000	2.690000e+000
2.699999999999986e+000	5.000000e+000	2.300000e+000	2.700000e+000
2.709999999999986e+000	5.000000e+000	2.290000e+000	2.710000e+000
2.719999999999986e+000	5.000000e+000	2.280000e+000	2.720000e+000
2.729999999999986e+000	5.000000e+000	2.270000e+000	2.730000e+000
2.739999999999986e+000	5.000000e+000	2.260000e+000	2.740000e+000
2.749999999999985e+000	5.000000e+000	2.250000e+000	2.750000e+000
2.759999999999985e+000	5.000000e+000	2.240000e+000	2.760000e+000
2.769999999999985e+000	5.000000e+000	2.230000e+000	2.770000e+000
2.779999999999985e+000	5.000000e+000	2.220000e+000	2.780000e+000
2.789999999999985e+000	5.000000e+000	2.210000e+000	2.790000e+000
2.799999999999984e+000	5.000000e+000	2.200000e+000	2.800000e+000
2.809999999999984e+000	5.000000e+000	2.190000e+000	2.810000e+000
2.819999999999984e+000	5.000000e+000	2.180000e+000	2.820000e+000
2.829999999999984e+000	5.000000e+000	2.170000e+000	2.830000e+000
2.839999999999983e+000	5.000000e+000	2.160000e+000	2.840000e+000
2.849999999999983e+000	5.000000e+000	2.150000e+000	2.850000e+000
2.859999999999983e+000	5.000000e+000	2.140000e+000	2.860000e+000
2.869999999999983e+000	5.000000e+000	2.130000e+000	2.870000e+000
2.879999999999983e+000	5.000000e+000	2.120000e+000	2.880000e+000
2.889999999999982e+000	5.000000e+000	2.110000e+000	2.890000e+000
2.899999999999982e+000	5.000000e+000	2.100000e+000	2.900000e+000
2.909999999999982e+000	5.000000e+000	2.090000e+000	2.910000e+000
2.919999999999982e+000	5.000000e+000	2.080000e+000	2.920000e+000
2.929999999999982e+000	5.000000e+000	2.070000e+000	2.930000e+000
2.939999999999981e+000	5.000000e+000	2.060000e+000	2.940000e+000
2.949999999999981e+000	5.000000e+000	2.050000e+000	2.950000e+000
2.959999999999981e+000	5.000000e+000	2.040000e+000	2.960000e+000
2.969999999999981e+000	5.000000e+000	2.030000e+000	2.970000e+000
2.979999999999980e+000	5.000000e+000	2.020000e+000	2.980000e+000
2.989999999999980e+000	5.000000e+000	2.010000e+000	2.990000e+000
2.999999999999980e+000	5.000000e+000	2.000000e+000	3.000000e+000
3.009999999999980e+000	5.000000e+000	1.990000e+000	3.010000e+000
3.019999999999980e+000	5.000000e+000	1.980000e+000	3.020000e+000
3.029999999999979e+000	5.000000e+000	1.970000e+000	3.030000e+000
3.039999999999979e+000	5.000000e+000	1.960000e+000	3.040000e+000
3.049999999999979e+000	5.000000e+000	1.950000e+000	3.050000e+000
3.059999999999979e+000	5.000000e+000	1.940000e+000	3.060000e+000
3.069999999999979e+000	5.000000e+000	1.930000e+000	3.070000e+000
3.079999999999978e+000	5.000000e+000	1.920000e+000	3.080000e+000
3.089999999999978e+000	5.000000e+000	1.910000e+000	3.090000e+000
3.099999999999978e+000	5.000000e+000	1.900000e+000	3.100000e+000
3.109999999999978e+000	5.000000e+000	1.890000e+000	3.110000e+000
3.119999999999978e+000	5.000000e+000	1.880000e+000	3.120000e+000
3.129999999999977e+000	5.000000e+000	1.870000e+000	3.130000e+000
3.139999999999977e+000	5.000000e+000	1.860000e+000	3.140000e+000
3.149999999999977e+000	5.000000e+000	1.850000e+000	3.150000e+000
3.159999999999977e+000	5.000000e+000	1.840000e+000	3.160000e+000
3.169999999999976e+000	5.000000e+000	1.830000e+000	3.170000e+000
3.179999999999976e+000	5.000000e+000	1.820000e+000	3.180000e+000
3.189999999999976e+000	5.000000e+000	1.810000e+000	3.190000e+000
3.199999999999976e+000	5.000000e+000	1.800000e+000	3.200000e+000
3.209999999999976e+000	5.000000e+000	1.790000e+000	3.210000e+000
3.219999999999975e+000	5.000000e+000	1.780000e+000	3.220000e+000
3.229999999999975e+000	5.000000e+000	1.770000e+000	3.230000e+000
3.239999999999975e+000	5.000000e+000	1.760000e+000	3.240000e+000
3.249999999999975e+000	5.000000e+000	1.750000e+000	3.250000e+000
3.259999999999975e+000	5.000000e+000	1.740000e+000	3.260000e+000
3.269999999999974e+000	5.000000e+000	1.730000e+000	3.270000e+000
3.279999999999974e+000	5.000000e+000	1.720000e+000	3.280000e+000
3.289999999999974e+000	5.000000e+000	1.710000e+000	3.290000e+000
3.299999999999974e+000	5.000000e+000	1.700000e+000	3.300000e+000
3.309999999999973e+000	5.000000e+000	1.690000e+000	3.310000e+000
3.319999999999973e+000	5.000000e+000	1.680000e+000	3.320000e+000
3.329999999999973e+000	5.000000e+000	1.670000e+000	3.330000e+000
3.339999999999973e+000	5.000000e+000	1.660087e+000	3.340000e+000
3.349999999999973e+000	5.000000e+000	1.650497e+000	3.350000e+000
3.359999999999972e+000	5.000000e+000	1.641225e+000	3.360000e+000
3.369999999999972e+000	5.000000e+000	1.632249e+000	3.370000e+000
3.379999999999972e+000	5.000000e+000	1.623551e+000	3.380000e+000
3.389999999999972e+000	5.000000e+000	1.615113e+000	3.390000e+000
3.399999999999972e+000	5.000000e+000	1.606920e+000	3.400000e+000
3.409999999999971e+000	5.000000e+000	1.598958e+000	3.410000e+000
3.419999999999971e+000	5.000000e+000	1.591214e+000	3.420000e+000
3.429999999999971e+000	5.000000e+000	1.583677e+000	3.430000e+000
3.439999999999971e+000	5.000000e+000	1.576337e+000	3.440000e+000
3.449999999999970e+000	5.000000e+000	1.569182e+000	3.450000e+000
3.459999999999970e+000	5.000000e+000	1.562204e+000	3.460000e+000
3.469999999999970e+000	5.000000e+000	1.555396e+000	3.470000e+000
3.479999999999970e+000	5.000000e+000	1.548748e+000	3.480000e+000
3.489999999999970e+000	5.000000e+000	1.542253e+000	3.490000e+000
3.499999999999969e+000	5.000000e+000	1.535906e+000	3.500000e+000
3.509999999999969e+000	5.000000e+000	1.529699e+000	3.510000e+000
3.519999999999969e+000	5.000000e+000	1.523627e+000	3.520000e+000
3.529999999999969e+000	5.000000e+000	1.517684e+000	3.530000e+000
3.539999999999969e+000	5.000000e+000	1.511865e+000	3.540000e+000
3.549999999999968e+000	5.000000e+000	1.506166e+000	3.550000e+000
3.559999999999968e+000	5.000000e+000	1.500581e+000	3.560000e+000
3.569999999999968e+000	5.000000e+000	1.495107e+000	3.570000e+000
3.579999999999968e+000	5.000000e+000	1.489739e+000	3.580000e+000
3.589999999999967e+000	5.000000e+000	1.484473e+000	3.590000e+000
3.599999999999967e+000	5.000000e+000	1.479306e+000	3.600000e+000
3.609999999999967e+000	5.000000e+000	1.474235e+000	3.610000e+000
3.619999999999967e+000	5.000000e+000	1.469256e+000	3.620000e+000
3.629999999999967e+000	5.000000e+000	1.464367e+000	3.630000e+000
3.639999999999966e+000	5.000000e+000	1.459563e+000	3.640000e+000
3.649999999999966e+000	5.000000e+000	1.454843e+000	3.650000e+000
3.659999999999966e+000	5.000000e+000	1.450204e+000	3.660000e+000
3.669999999999966e+000	5.000000e+000	1.445643e+000	3.670000e+000
3.679999999999966e+000	5.000000e+000	1.441159e+000	3.680000e+000
3.689999999999965e+000	5.000000e+000	1.436748e+000	3.690000e+000
3.699999999999965e+000	5.000000e+000	1.432408e+000	3.700000e+000
3.709999999999965e+000	5.000000e+000	1.428138e+000	3.710000e+000
3.719999999999965e+000	5.000000e+000	1.423935e+000	3.720000e+000
3.729999999999965e+000	5.000000e+000	1.419798e+000	3.730000e+000
3.739999999999964e+000	5.000000e+000	1.415724e+000	3.740000e+000
3.749999999999964e+000	5.000000e+000	1.411713e+000	3.750000e+000
3.759999999999964e+000	5.000000e+000	1.407761e+000	3.760000e+000
3.769999999999964e+000	5.000000e+000	1.403869e+000	3.770000e+000
3.779999999999963e+000	5.000000e+000	1.400033e+000	3.780000e+000
3.789999999999963e+000	5.000000e+000	1.396253e+000	3.790000e+000
3.799999999999963e+000	5.000000e+000	1.392528e+000	3.800000e+000
3.809999999999963e+000	5.000000e+000	1.388855e+000	3.810000e+000
3.819999999999963e+000	5.000000e+000	1.385234e+000	3.820000e+000
3.829999999999962e+000	5.000000e+000	1.381662e+000	3.830000e+000
3.839999999999962e+000	5.000000e+000	1.378140e+000	3.840000e+000
3.849999999999962e+000	5.000000e+000	1.374666e+000	3.850000e+000
3.859999999999962e+000	5.000000e+000	1.371239e+000	3.860000e+000
3.869999999999962e+000	5.000000e+000	1.367857e+000	3.870000e+000
3.879999999999961e+000	5.000000e+000	1.364520e+000	3.880000e+000
3.889999999999961e+000	5.000000e+000	1.361226e+000	3.890000e+000
3.899999999999961e+000	5.000000e+000	1.357975e+000	3.900000e+000
3.909999999999961e+000	5.000000e+000	1.354765e+000	3.910000e+000
3.919999999999960e+000	5.000000e+000	1.351596e+000	3.920000e+000
3.929999999999960e+000	5.000000e+000	1.348467e+000	3.930000e+000
3.939999999999960e+000	5.000000e+000	1.345377e+000	3.940000e+000
3.949999999999960e+000	5.000000e+000	1.342325e+000	3.950000e+000
3.959999999999960e+000	5.000000e+000	1.339310e+000	3.960000e+000
3.969999999999959e+000	5.000000e+000	1.336332e+000	3.970000e+000
3.979999999999959e+000	5.000000e+000	1.333389e+000	3.980000e+000
3.989999999999959e+000	5.000000e+000	1.330481e+000	3.990000e+000
3.999999999999959e+000	5.000000e+000	1.327608e+000	4.000000e+000
4.009999999999959e+000	5.000000e+000	1.324768e+000	4.010000e+000
4.019999999999959e+000	5.000000e+000	1.321962e+000	4.020000e+000
4.029999999999959e+000	5.000000e+000	1.319187e+000	4.030000e+000
4.039999999999958e+000	5.000000e+000	1.316444e+000	4.040000e+000
4.049999999999958e+000	5.000000e+000	1.313732e+000	4.050000e+000
4.059999999999958e+000	5.000000e+000	1.311051e+000	4.060000e+000
4.069999999999958e+000	5.000000e+000	1.308399e+000	4.070000e+000
4.079999999999957e+000	5.000000e+000	1.305777e+000	4.080000e+000
4.089999999999957e+000	5.000000e+000	1.303184e+000	4.090000e+000
4.099999999999957e+000	5.000000e+000	1.300618e+000	4.100000e+000
4.109999999999957e+000	5.000000e+000	1.298081e+000	4.110000e+000
4.119999999999957e+000	5.000000e+000	1.295570e+000	4.120000e+000
4.129999999999956e+000	5.000000e+000	1.293086e+000	4.130000e+000
4.139999999999956e+000	5.000000e+000	1.290629e+000	4.140000e+000
4.149999999999956e+000	5.000000e+000	1.288197e+000	4.150000e+000
4.159999999999956e+000	5.000000e+000	1.285790e+000	4.160000e+000
4.169999999999956e+000	5.000000e+000	1.283409e+000	4.170000e+000
4.179999999999955e+000	5.000000e+000	1.281051e+000	4.180000e+000
4.189999999999955e+000	5.000000e+000	1.278718e+000	4.190000e+000
4.199999999999955e+000	5.000000e+000	1.276408e+000	4.200000e+000
4.209999999999955e+000	5.000000e+000	1.274122e+000	4.210000e+000
4.219999999999955e+000	5.000000e+000	1.271858e+000	4.220000e+000
4.229999999999954e+000	5.000000e+000	1.269617e+000	4.230000e+000
4.239999999999954e+000	5.000000e+000	1.267398e+000	4.240000e+000
4.249999999999954e+000	5.000000e+000	1.265200e+000	4.250000e+000
4.259999999999954e+000	5.000000e+000	1.263024e+000	4.260000e+000
4.269999999999953e+000	5.000000e+000	1.260869e+000	4.270000e+000
4.279999999999953e+000	5.000000e+000	1.258734e+000	4.280000e+000
4.289999999999953e+000	5.000000e+000	1.256620e+000	4.290000e+000
4.299999999999953e+000	5.000000e+000	1.254526e+000	4.300000e+000
4.309999999999953e+000	5.000000e+000	1.252451e+000	4.310000e+000
4.319999999999952e+000	5.000000e+000	1.250396e+000	4.320000e+000
4.329999999999952e+000	5.000000e+000	1.248360e+000	4.330000e+000
4.339999999999952e+000	5.000000e+000	1.246343e+000	4.340000e+000
4.349999999999952e+000	5.000000e+000	1.244344e+000	4.350000e+000
4.359999999999952e+000	5.000000e+000	1.242363e+000	4.360000e+000
4.369999999999951e+000	5.000000e+000	1.240401e+000	4.370000e+000
4.379999999999951e+000	5.000000e+000	1.238456e+000	4.380000e+000
4.389999999999951e+000	5.000000e+000	1.236528e+000	4.390000e+000
4.399999999999951e+000	5.000000e+000	1.234618e+000	4.400000e+000
4.409999999999950e+000	5.000000e+000	1.232725e+000	4.410000e+000
4.419999999999950e+000	5.000000e+000	1.230848e+000	4.420000e+000
4.429999999999950e+000	5.000000e+000	1.228987e+000	4.430000e+000
4.439999999999950e+000	5.000000e+000	1.227143e+000	4.440000e+000
4.449999999999950e+000	5.000000e+000	1.225315e+000	4.450000e+000
4.459999999999949e+000	5.000000e+000	1.223503e+000	4.460000e+000
4.469999999999949e+000	5.000000e+000	1.221706e+000	4.470000e+000
4.479999999999949e+000	5.000000e+000	1.219924e+000	4.480000e+000
4.489999999999949e+000	5.000000e+000	1.218157e+000	4.490000e+000
4.499999999999949e+000	5.000000e+000	1.216406e+000	4.500000e+000
4.509999999999948e+000	5.000000e+000	1.214668e+000	4.510000e+000
4.519999999999948e+000	5.000000e+000	1.212946e+000	4.520000e+000
4.529999999999948e+000	5.000000e+000	1.211237e+000	4.530000e+000
4.539999999999948e+000	5.000000e+000	1.209543e+000	4.540000e+000
4.549999999999947e+000	5.000000e+000	1.207863e+000	4.550000e+000
4.559999999999947e+000	5.000000e+000	1.206196e+000	4.560000e+000
4.569999999999947e+000	5.000000e+000	1.204543e+000	4.570000e+000
4.579999999999947e+000	5.000000e+000	1.202903e+000	4.580000e+000
4.589999999999947e+000	5.000000e+000	1.201276e+000	4.590000e+000
4.599999999999946e+000	5.000000e+000	1.199662e+000	4.600000e+000
4.609999999999946e+000	5.000000e+000	1.198062e+000	4.610000e+000
4.619999999999946e+000	5.000000e+000	1.196473e+000	4.620000e+000
4.629999999999946e+000	5.000000e+000	1.194898e+000	4.630000e+000
4.639999999999946e+000	5.000000e+000	1.193334e+000	4.640000e+000
4.649999999999945e+000	5.000000e+000	1.191783e+000	4.650000e+000
4.659999999999945e+000	5.000000e+000	1.190244e+000	4.660000e+000
4.669999999999945e+000	5.000000e+000	1.188716e+000	4.670000e+000
4.679999999999945e+000	5.000000e+000	1.187201e+000	4.680000e+000
4.689999999999944e+000	5.000000e+000	1.185697e+000	4.690000e+000
4.699999999999944e+000	5.000000e+000	1.184204e+000	4.700000e+000
4.709999999999944e+000	5.000000e+000	1.182723e+000	4.710000e+000
4.719999999999944e+000	5.000000e+000	1.181253e+000	4.720000e+000
4.729999999999944e+000	5.000000e+000	1.179793e+000	4.730000e+000
4.739999999999943e+000	5.000000e+000	1.178345e+000	4.740000e+000
4.749999999999943e+000	5.000000e+000	1.176908e+000	4.750000e+000
4.759999999999943e+000	5.000000e+000	1.175481e+000	4.760000e+000
4.769999999999943e+000	5.000000e+000	1.174065e+000	4.770000e+000
4.779999999999943e+000	5.000000e+000	1.172659e+000	4.780000e+000
4.789999999999942e+000	5.000000e+000	1.171263e+000	4.790000e+000
4.799999999999942e+000	5.000000e+000	1.169877e+000	4.800000e+000
4.809999999999942e+000	5.000000e+000	1.168502e+000	4.810000e+000
4.819999999999942e+000	5.000000e+000	1.167136e+000	4.820000e+000
4.829999999999942e+000	5.000000e+000	1.165780e+000	4.830000e+000
4.839999999999941e+000	5.000000e+000	1.164434e+000	4.840000e+000
4.849999999999941e+000	5.000000e+000	1.163097e+000	4.850000e+000
4.859999999999941e+000	5.000000e+000	1.161770e+000	4.860000e+000
4.869999999999941e+000	5.000000e+000	1.160452e+000	4.870000e+000
4.879999999999940e+000	5.000000e+000	1.159144e+000	4.880000e+000
4.889999999999940e+000	5.000000e+000	1.157844e+000	4.890000e+000
4.899999999999940e+000	5.000000e+000	1.156554e+000	4.900000e+000
4.909999999999940e+000	5.000000e+000	1.155272e+000	4.910000e+000
4.919999999999940e+000	5.000000e+000	1.154000e+000	4.920000e+000
4.929999999999939e+000	5.000000e+000	1.152736e+000	4.930000e+000
4.939999999999939e+000	5.000000e+000	1.151480e+000	4.940000e+000
4.949999999999939e+000	5.000000e+000	1.150234e+000	4.950000e+000
4.959999999999939e+000	5.000000e+000	1.148995e+000	4.960000e+000
4.969999999999939e+000	5.000000e+000	1.147765e+000	4.970000e+000
4.979999999999938e+000	5.000000e+000	1.146544e+000	4.980000e+000
4.989999999999938e+000	5.000000e+000	1.145330e+000	4.990000e+000
5.000000000000000e+000	5.000000e+000	1.144125e+000	5.000000e+000
